# Created by tsnnls
# name: b
# type: matrix
# rows: 984
# columns: 1
0.0050123987609461
-0.0101069015970274
0.0498938658937439
0.0026186888476962
-0.0117019926050418
0.0500209943054536
0.0000534197309999
-0.0130899488924604
0.0495059735168088
-0.0022952417738363
-0.0161919218599352
0.0497441950226226
-0.0047155073745218
-0.0190151085743600
0.0494702420634975
-0.0073597641490502
-0.0206184551538733
0.0480270797466901
-0.0096929677794554
-0.0235035238693101
0.0471689894981894
-0.0124980610429610
-0.0262964179382205
0.0457915538315121
-0.0149548061289931
-0.0296876130538371
0.0447778456049778
-0.0174522999402097
-0.0345143799561864
0.0409585517943304
-0.0211964824153246
-0.0398063875761857
0.0420626076433885
-0.0229920963376504
-0.0450138778213534
0.0338491332078360
-0.0257696593754079
-0.0547702728240876
0.0301304468000505
-0.0318903543109225
-0.0696600761599939
0.0207139940348994
-0.0199149590630540
-0.0727963618015055
-0.0082956725174793
0.0046900650211068
-0.0377298044521204
-0.0344889470740692
0.0175249836030655
-0.0200846428623650
-0.0490643946267489
0.0109624751297319
-0.0214040631152842
-0.0479297425858388
0.0285094284617610
0.0239764649386214
-0.0461515490564047
0.0354557632395198
0.0602307928341238
-0.0402547462313206
0.0260155240034092
0.0708804437419277
-0.0144606676483666
0.0142543211056616
0.0644858589809551
-0.0044848933022702
0.0084013519364188
0.0566687723348423
0.0000922883118592
0.0026240010111472
0.0599185651787024
0.0060438741382294
-0.0010912065488709
0.0545845231157262
0.0078030700563853
-0.0061029694030298
0.0544727481653831
0.0120707233993220
-0.0095713570601629
0.0520739272667607
0.0143951814288698
-0.0130746023578894
0.0502671727788813
0.0149185341951307
-0.0156017579152085
0.0471506241651295
0.0156635216384811
-0.0188063861782807
0.0467487243409516
0.0155657808133546
-0.0213660545840336
0.0453265508930264
0.0156578776333495
-0.0237498987684203
0.0416354797384379
0.0166102275486696
-0.0264060834368835
0.0407765478198137
0.0163150939075941
-0.0286852260979336
0.0388588181607098
0.0162734540456225
-0.0311204393198167
0.0375220828586684
0.0158504265489749
-0.0332666217574519
0.0355954426440582
0.0156242100668993
-0.0355234782842849
0.0337085186345831
0.0154685682386373
-0.0367047290994909
0.0306394955140006
0.0150904896209348
-0.0374781559222451
0.0278436532027045
0.0140781515519777
-0.0423889527855787
0.0299763498849199
0.0128629472025850
-0.0399642642558616
0.0238103051667930
0.0121887953776207
-0.0432153976883555
0.0236690575354659
0.0111357091785192
-0.0442457519341213
0.0218069193039418
0.0098861683149424
-0.0452276818099368
0.0189833539523153
0.0094186789834893
-0.0460200759595481
0.0172105488169689
0.0081458734393990
-0.0476073671000053
0.0148233818365685
0.0075026825667791
-0.0489311134061786
0.0135365323597734
0.0058719921614095
-0.0463695480153615
0.0094335774244534
0.0054216015482742
-0.0519441462324924
0.0099915332627572
0.0029900730145408
-0.0458104219688397
0.0051862085017910
0.0030584306536059
-0.0520735140494999
0.0049118190236144
0.0009946328315111
-0.0497446298218760
0.0023921720729292
-0.0003701820181846
-0.0491272342065814
-0.0001369154396030
-0.0010433673714197
-0.0497900581975841
-0.0015688307544990
-0.0032187919363241
-0.0499706540816529
-0.0038917630134603
-0.0042463023060988
-0.0490024474375866
-0.0061640553372972
-0.0051921982005434
-0.0486131502960121
-0.0079473749363058
-0.0068459440896121
-0.0486086690878843
-0.0103029075225552
-0.0079344541860878
-0.0474814043118259
-0.0119433115039460
-0.0094866358821303
-0.0468001021452903
-0.0142476353411812
-0.0104543844020829
-0.0453999301122899
-0.0160673230817799
-0.0113563916110603
-0.0450537588536078
-0.0180278395699672
-0.0130926746360929
-0.0436010400274146
-0.0201097221808796
-0.0136260892687066
-0.0420594119364497
-0.0215817996794037
-0.0148722678638702
-0.0401899654652058
-0.0226638447410210
-0.0162609454367608
-0.0410254346387812
-0.0248617964895487
-0.0190781103614776
-0.0374010634419670
-0.0256896543121319
-0.0189637357694195
-0.0371558164707125
-0.0278499585324488
-0.0205711757141092
-0.0337514038417810
-0.0281841725765241
-0.0210255317931602
-0.0336850148434710
-0.0308615254124579
-0.0226259514726495
-0.0304738962078135
-0.0308102789934798
-0.0232335456605373
-0.0296337961731625
-0.0329044978655455
-0.0249285519565978
-0.0267480163592592
-0.0333711226485705
-0.0248984132669311
-0.0252936351912915
-0.0353448355527510
-0.0259818251393220
-0.0224877503802251
-0.0346911245007325
-0.0268472626997397
-0.0205598505915649
-0.0364377390424699
-0.0271844489000924
-0.0184592679813290
-0.0376339281325337
-0.0279699395989855
-0.0160262056322418
-0.0380443996624290
-0.0281328695386742
-0.0137125058359459
-0.0386622521770774
-0.0291194410950783
-0.0109775086166825
-0.0372459264373386
-0.0288643138909333
-0.0090652619242326
-0.0395490660165857
-0.0308872279512928
-0.0064949376072009
-0.0390475920427787
-0.0300845418001992
-0.0039690549685543
-0.0398812314490204
-0.0299895869347494
-0.0016030173968766
-0.0391658173501275
-0.0297788267564175
0.0009192782431998
-0.0400340718559470
-0.0300355486638223
0.0033291982796974
-0.0406340202644615
-0.0298066685816095
0.0058217968130535
-0.0395543818550151
-0.0288701692468065
0.0082350971757649
-0.0398652335570643
-0.0295640058390385
0.0106846944336087
-0.0394415347220681
-0.0280314772373646
0.0131786315099196
-0.0402532606505147
-0.0275735665820967
0.0151795756932433
-0.0377238109255186
-0.0273112283515128
0.0173521444188433
-0.0376047986382874
-0.0260568129128699
0.0213306680782566
-0.0403417640819885
-0.0273400777089765
0.0204550043638426
-0.0332191208772911
-0.0240840183166768
0.0259100782885625
-0.0390688072189212
-0.0247109686210147
0.0252511714722319
-0.0330021854968402
-0.0231794402243205
0.0293271538033531
-0.0354072883712786
-0.0222933893456289
0.0308530709081802
-0.0336666966119203
-0.0214937311469138
0.0324437111724018
-0.0322166838135577
-0.0194277934604360
0.0343651397112416
-0.0312773157154344
-0.0185653317864609
0.0363036450221415
-0.0304360886121660
-0.0164759282473207
0.0380732542228974
-0.0291358128331511
-0.0154810220712107
0.0381931621462639
-0.0263999844496070
-0.0139309906872416
0.0431815070204356
-0.0281431735839309
-0.0119929762880967
0.0411460008841032
-0.0236788852763981
-0.0110088987443820
0.0437471028932757
-0.0229265700951042
-0.0093433812471487
0.0457561156659392
-0.0222826473083054
-0.0070062027701170
0.0466823040000885
-0.0207454559619811
-0.0045605199619220
0.0472998460033053
-0.0190774858901588
-0.0024155168934673
0.0479914354703187
-0.0172681152791809
-0.0003740989907469
0.0487200766224133
-0.0157358128392451
0.0020932484466954
0.0487980318009671
-0.0136926276365807
0.0039199740450673
0.0501692706443180
-0.0130131533505918
0.0081186325151109
0.0504278946115057
-0.0114287072574464
0.0106468015195652
0.0495883855311082
-0.0089944239788086
0.0126738341636922
0.0507392844388881
-0.0078979869918139
0.0163560556010917
0.0508991925781705
-0.0058650620607262
0.0195442690803500
0.0504115364171981
-0.0050449090241110
0.0244306165283079
0.0464700525743766
-0.0037114682677586
0.0292899048996643
0.0484024225711951
-0.0030746181825367
0.0360448115488663
0.0413064013887485
-0.0016092778394194
0.0409993967253505
0.0416890879968872
-0.0015417256458624
0.0508499384915199
0.0376270965415412
0.0005091887680551
0.0669789323190568
0.0116096052359342
-0.0067519935879260
0.0796500800594562
-0.0182508649791492
-0.0090971607249042
0.0544428779077060
-0.0485277716092962
-0.0155149164752210
0.0188326751121104
-0.0485684180240757
-0.0109703644866978
0.0241355726336957
-0.0505953688035562
-0.0089445790017031
-0.0038499120092787
-0.0559767747993957
-0.0053422253764188
-0.0532091068799079
-0.0317633394128670
0.0027713447406733
-0.0718620392117310
-0.0174214461530305
0.0105790060477413
-0.0644863439092542
-0.0086592221486761
0.0131380721402869
-0.0587099270123565
-0.0007336098547885
0.0185698684854034
-0.0588671467510429
0.0023517626984314
0.0197799692585906
-0.0524187944628588
0.0071725439635019
0.0231867557899952
